      0/19     35.3G   0.02637   0.02478  0.005691   0.05684       204       640    0.7734    0.7391    0.8133    0.6146    0.0413   0.03584   0.01052
      1/19     35.3G   0.02713   0.02321  0.005636   0.05597       168       640    0.7982    0.7292    0.8168    0.6167   0.04143   0.03596   0.01056
      2/19     39.8G   0.02641   0.02472    0.0063   0.05743       207       640    0.7915    0.7357    0.8215     0.621   0.04149   0.03594   0.01053
      3/19     39.8G   0.02642     0.025   0.00579   0.05721       305       640    0.8079    0.7254    0.8164    0.6175   0.04144   0.03601   0.01045
      4/19     39.8G   0.02507   0.02413  0.005314   0.05452       118       640    0.7815    0.7499    0.8196    0.6175   0.04138   0.03596    0.0104
      5/19     39.8G   0.02722   0.02458  0.006718   0.05852       223       640    0.7643    0.7743    0.8207    0.6205   0.04139   0.03595   0.01031
      6/19     39.8G   0.02705   0.02134  0.005107    0.0535       106       640    0.7849    0.7703    0.8301    0.6214    0.0417   0.03608    0.0103
      7/19     39.8G   0.02762   0.02434  0.006529   0.05848       214       640    0.8407    0.7482    0.8398    0.6243   0.04126   0.03605   0.01015
      8/19     39.8G   0.02603    0.0221  0.006458   0.05458       171       640    0.8108    0.7672    0.8379    0.6262   0.04181   0.03573   0.01013
      9/19     39.8G   0.02702    0.0245  0.005196   0.05672       211       640    0.8226    0.7619    0.8449    0.6329   0.04143   0.03566   0.00998
     10/19     39.8G   0.02597   0.02275  0.004592   0.05331       151       640     0.838    0.7602    0.8449    0.6248   0.04195   0.03534   0.00987
     11/19     39.8G   0.02738   0.02167  0.006588   0.05564       127       640     0.824    0.7787    0.8477    0.6357   0.04129   0.03548  0.009893
     12/19     39.8G   0.02716   0.02262   0.00578   0.05557       203       640    0.8234    0.7781    0.8445    0.6314   0.04113   0.03555  0.009838
     13/19     39.8G   0.02691   0.02506  0.004973   0.05694       304       640    0.8471    0.7626     0.849    0.6398   0.04073   0.03535  0.009695
     14/19     39.8G   0.02621   0.02449  0.005556   0.05625       211       640    0.8413    0.7631    0.8498     0.649    0.0407   0.03513  0.009681
     15/19     39.8G   0.02538   0.02273  0.004673   0.05278       252       640    0.8618    0.7607    0.8534    0.6519   0.04042   0.03511   0.00965
     16/19     39.8G    0.0243   0.02275  0.004685   0.05174       231       640    0.8492    0.7709    0.8482      0.65   0.04038   0.03487  0.009587
     17/19     39.8G   0.02641   0.02259  0.005258   0.05426       233       640    0.8543    0.7679    0.8473    0.6528   0.04026   0.03494    0.0096
     18/19     39.8G   0.02719    0.0233  0.005807    0.0563       190       640    0.8257    0.7859    0.8492    0.6487   0.04072   0.03485  0.009678
     19/19     39.8G   0.02451   0.02146  0.003837   0.04981       188       640    0.8156    0.7886    0.8494    0.6562   0.04034   0.03487  0.009677
