      0/19     1.81G   0.02641   0.02494  0.005892   0.05724        59       640    0.8143    0.7121    0.8134    0.6123   0.04242   0.03675   0.01085
      1/19     25.1G    0.0271   0.02366  0.006084   0.05684        96       640     0.818    0.7086    0.8124    0.6173   0.04254   0.03693   0.01093
      2/19     27.6G   0.02638   0.02504  0.006333   0.05775        89       640    0.7802     0.735    0.8184     0.617   0.04281   0.03677   0.01092
      3/19     27.6G   0.02719   0.02532    0.0062   0.05871        95       640    0.7549    0.7684    0.8231    0.6141   0.04257   0.03691   0.01072
      4/19     27.6G   0.02503   0.02458  0.005362   0.05496        53       640    0.7873    0.7572    0.8293    0.6151   0.04266   0.03674   0.01065
      5/19     27.6G   0.02792   0.02483  0.006863   0.05961       121       640    0.8066    0.7539    0.8305     0.617   0.04237   0.03671   0.01047
      6/19     27.6G   0.02741   0.02138  0.005474   0.05426        68       640    0.7949    0.7668     0.833     0.613   0.04269   0.03673    0.0105
      7/19     27.6G   0.02771   0.02433  0.006705   0.05874       120       640    0.7873    0.7803    0.8352    0.6148   0.04247   0.03677   0.01034
      8/19     27.6G   0.02612   0.02252  0.006282   0.05492        92       640     0.808    0.7681    0.8316    0.6227    0.0426   0.03657   0.01035
      9/19     27.6G   0.02733   0.02428  0.005324   0.05694        54       640    0.7994    0.7808    0.8452    0.6246   0.04266    0.0363   0.01019
     10/19     27.6G   0.02641   0.02251  0.004687   0.05361        68       640    0.8349    0.7547    0.8418    0.6274    0.0423   0.03639   0.01009
     11/19     27.6G   0.02755   0.02149    0.0069   0.05594        37       640    0.8043    0.7883    0.8444    0.6266   0.04242   0.03626   0.01012
     12/19     27.6G   0.02739   0.02321  0.005843   0.05644       130       640    0.8287     0.788    0.8516    0.6353   0.04207   0.03633   0.01018
     13/19     27.6G   0.02746   0.02548   0.00501   0.05796       139       640    0.8359    0.7691    0.8491    0.6353   0.04185   0.03621  0.009974
     14/19     27.6G   0.02682   0.02509  0.006348   0.05825        83       640    0.8437    0.7772    0.8524    0.6427   0.04176    0.0361  0.009957
     15/19     27.6G   0.02597   0.02313  0.005288   0.05438       108       640    0.8464    0.7748    0.8551    0.6511   0.04159   0.03612  0.009884
     16/19     27.6G   0.02473   0.02331  0.005116   0.05316       119       640    0.8381    0.7842    0.8559    0.6507   0.04111   0.03607  0.009843
     17/19     27.6G    0.0266   0.02302  0.005765   0.05538        67       640    0.8473    0.7778    0.8539    0.6543   0.04135   0.03586  0.009884
     18/19     27.6G   0.02736   0.02301  0.005863   0.05623        68       640    0.8537    0.7696    0.8534    0.6547   0.04156   0.03589   0.01002
     19/19     27.6G   0.02466   0.02204  0.004321   0.05102        90       640    0.8634    0.7731    0.8575    0.6518   0.04156   0.03586   0.01003
